id	ensembl_gene_id	hgnc_symbol	entrezgene_id	official	num	neg.score	neg.p.value	neg.fdr	neg.rank	neg.goodsgrna	neg.lfc	pos.score	pos.p.value	pos.fdr	pos.rank	pos.goodsgrna	pos.lfc
Aatf	ENSG00000275700	AATF	26574	AATF	4	0.62556	0.45928	0.761911	291	0	0.0097474	0.35333	0.13647	0.34883	148	0	0.0097474
Actn1	ENSG00000072110	ACTN1	87	ACTN1	4	0.69483	0.54653	0.764856	331	0	0.00033881	0.082329	4.9652e-06	2.6e-05	31	0	0.00033881
Actn4	ENSG00000130402	ACTN4	81	ACTN4	4	0.3803	0.257	0.590636	163	0	0.0044303	0.54401	0.45906	0.766642	237	0	0.0044303
Aebp2	ENSG00000139154	AEBP2	121536	AEBP2	4	0.63785	0.45928	0.761911	300	0	-0.0088444	0.63785	0.45907	0.766642	288	0	-0.0088444
Aes	ENSG00000104964	TLE5	166	TLE5	4	0.54178	0.36575	0.727148	248	0	-0.010249	0.90965	0.89386	1	442	0	-0.010249
Ahctf1	ENSG00000153207	AHCTF1	25909	AHCTF1	4	0.80178	0.68344	0.853891	387	0	-0.0066293	0.83869	0.73944	0.913482	401	0	-0.0066293
Aip	ENSG00000110711	AIP	9049	AIP	4	0.48228	0.257	0.590636	217	0	-0.0070661	0.75332	0.61819	0.887432	349	0	-0.0070661
Ankra2	ENSG00000164331	ANKRA2	57763	ANKRA2	4	0.62075	0.45928	0.761911	288	0	0.00019325	0.42908	0.13647	0.34883	180	0	0.00019325
Apbb3	ENSG00000113108	APBB3	10307	APBB3	4	0.5429	0.36575	0.727148	249	0	0.0012219	0.6246	0.45907	0.766642	282	0	0.0012219
Apex1	ENSG00000100823	APEX1	328	APEX1	4	0.38169	0.257	0.590636	164	0	-0.0086384	0.38587	0.13647	0.34883	163	0	-0.0086384
Arap1	ENSG00000186635	ARAP1	116985	ARAP1	4	0.79819	0.68344	0.853891	384	0	0.0082102	0.59499	0.45906	0.766642	267	0	0.0082102
Arid3b	ENSG00000179361	ARID3B	10620	ARID3B	4	0.68821	0.54653	0.764856	326	0	0.0073874	0.70296	0.61818	0.887432	320	0	0.0073874
Arid5b	ENSG00000150347	ARID5B	84159	ARID5B	4	0.044246	0.007135	0.127665	27	1	-0.021903	0.93535	0.91776	1	451	0	-0.021903
Arl2bp	ENSG00000102931	ARL2BP	23568	ARL2BP	4	0.82986	0.68345	0.853891	398	0	-0.00044877	0.86669	0.78767	0.913482	420	0	-0.00044877
Arnt	ENSG00000143437	ARNT	405	ARNT	4	0.2267	0.25699	0.590636	97	0	0.0083752	0.14266	4.9652e-06	2.6e-05	57	0	0.0083752
Arntl	ENSG00000133794	BMAL1	406	BMAL1	4	0.59803	0.45928	0.761911	277	0	0.0027348	0.63504	0.45907	0.766642	285	0	0.0027348
Asxl1	ENSG00000171456	ASXL1	171023	ASXL1	4	0.59397	0.45927	0.761911	274	0	-0.0072954	0.66594	0.54374	0.86209	304	0	-0.0072954
Atf1	ENSG00000123268	ATF1	466	ATF1	4	0.91792	0.89328	0.996737	439	0	0.0029714	0.61687	0.45907	0.766642	278	0	0.0029714
Atf2	ENSG00000115966	ATF2	1386	ATF2	4	0.7568	0.62035	0.813609	363	0	0.010385	0.41583	0.13647	0.34883	178	0	0.010385
Atf4	ENSG00000128272	ATF4	468	ATF4	4	0.61198	0.45928	0.761911	284	0	6.3111e-06	0.51446	0.25718	0.588348	219	0	6.3111e-06
Atf5	ENSG00000169136	ATF5	22809	ATF5	4	0.36194	0.257	0.590636	156	0	-0.0047051	0.52255	0.36437	0.766642	224	0	-0.0047051
Atf6b	ENSG00000213676	ATF6B	1388	ATF6B	4	0.58059	0.45927	0.761911	267	0	0.009034	0.45236	0.13647	0.34883	193	0	0.009034
Atf7ip	ENSG00000171681	ATF7IP	55729	ATF7IP	4	0.7505	0.62035	0.813609	359	0	0.0115	0.28439	0.13646	0.34883	118	0	0.0115
Atn1	ENSG00000111676	ATN1	1822	ATN1	4	0.45995	0.257	0.590636	206	0	0.012438	0.57218	0.45906	0.766642	253	0	0.012438
Atxn7l3	ENSG00000087152	ATXN7L3	56970	ATXN7L3	4	0.9925	0.99786	1	477	0	0.068527	0.00013452	4.9652e-06	2.6e-05	3	2	0.068527
Bach2	ENSG00000112182	BACH2	60468	BACH2	4	0.92243	0.89328	0.996737	445	0	0.017856	0.23164	4.9652e-06	2.6e-05	93	0	0.017856
Basp1	ENSG00000176788	BASP1	10409	BASP1	4	0.68233	0.54653	0.764856	320	0	0.010944	0.12108	4.9652e-06	2.6e-05	48	0	0.010944
Batf	ENSG00000156127	BATF	10538	BATF	4	0.1373	0.13501	0.590636	65	1	-0.011055	0.95315	0.96564	1	455	0	-0.011055
Bcl10	ENSG00000142867	BCL10	8915	BCL10	4	0.18292	0.13501	0.590636	81	1	-0.016101	0.98111	0.99333	1	470	0	-0.016101
Bcl11b	ENSG00000127152	BCL11B	64919	BCL11B	4	0.63127	0.45928	0.761911	295	0	-0.0071277	0.36621	0.13647	0.34883	154	0	-0.0071277
Bcl3	ENSG00000069399	BCL3	602	BCL3	4	0.78775	0.62036	0.813609	379	0	0.0091446	0.72864	0.61819	0.887432	336	0	0.0091446
Bcl6	ENSG00000113916	BCL6	604	BCL6	4	0.68654	0.54653	0.764856	324	0	0.0080577	0.45108	0.13647	0.34883	192	0	0.0080577
Bcor	ENSG00000183337	BCOR	54880	BCOR	4	0.43692	0.257	0.590636	196	0	-0.0045314	0.32846	0.13646	0.34883	139	0	-0.0045314
Bhlhe40	ENSG00000134107	BHLHE40	8553	BHLHE40	4	0.14088	0.13501	0.590636	66	1	-0.0099961	0.095385	4.9652e-06	2.6e-05	38	0	-0.0099961
Birc2	ENSG00000110330	BIRC2	329	BIRC2	4	0.24306	0.25699	0.590636	102	0	-0.010676	0.60505	0.45907	0.766642	272	0	-0.010676
Bmyc	ENSG00000136997	MYC	4609	MYC	4	0.89791	0.89327	0.996737	424	0	0.0019517	0.89314	0.86443	0.982046	434	0	0.0019517
Brd7	ENSG00000166164	BRD7	29117	BRD7	4	0.074805	0.135	0.590636	41	1	-0.02392	0.99817	0.9997	1	484	0	-0.02392
Btg2	ENSG00000159388	BTG2	7832	BTG2	4	0.65075	0.54653	0.764856	308	0	-0.002104	0.10463	4.9652e-06	2.6e-05	42	0	-0.002104
C1d	ENSG00000197223	C1D	10438	C1D	4	0.82341	0.68345	0.853891	395	0	0.0046683	0.6907	0.54375	0.86209	312	0	0.0046683
C1qbp	ENSG00000108561	C1QBP	708	C1QBP	4	0.63504	0.45928	0.761911	299	0	-0.0068935	0.58163	0.45906	0.766642	260	0	-0.0068935
Calcoco1	ENSG00000012822	CALCOCO1	57658	CALCOCO1	4	0.52599	0.36575	0.727148	240	0	0.00033113	0.47244	0.25717	0.588348	205	0	0.00033113
Camta2	ENSG00000108509	CAMTA2	23125	CAMTA2	4	0.77366	0.62036	0.813609	373	0	-0.0044405	0.87319	0.78767	0.913482	425	0	-0.0044405
Carm1	ENSG00000142453	CARM1	10498	CARM1	4	0.059619	0.135	0.590636	33	1	-0.012852	0.82012	0.73944	0.913482	387	0	-0.012852
Casp8ap2	ENSG00000118412	CASP8AP2	9994	CASP8AP2	4	0.25275	0.25699	0.590636	106	0	0.002713	0.32399	0.13646	0.34883	137	0	0.002713
Cbfb	ENSG00000067955	CBFB	865	CBFB	4	0.99975	1	1	488	0	0.1059	3.0284e-05	4.9652e-06	2.6e-05	2	2	0.1059
Cc2d1a	ENSG00000132024	CC2D1A	54862	CC2D1A	4	0.39415	0.257	0.590636	170	0	-0.013956	0.88586	0.78767	0.913482	430	0	-0.013956
Cc2d1b	ENSG00000154222	CC2D1B	200014	CC2D1B	4	0.71641	0.54654	0.764856	344	0	0.0016864	0.28749	0.13646	0.34883	119	0	0.0016864
Ccar1	ENSG00000060339	CCAR1	55749	CCAR1	4	0.35044	0.25699	0.590636	151	0	-0.0099931	0.88308	0.78767	0.913482	428	0	-0.0099931
Cd3d	ENSG00000167286	CD3D	915	CD3D	4	0.25596	0.25699	0.590636	108	0	-0.015929	0.85857	0.78766	0.913482	417	0	-0.015929
Cebpb	ENSG00000172216	CEBPB	1051	CEBPB	4	0.68402	0.54653	0.764856	322	0	0.026012	0.31801	0.13646	0.34883	133	0	0.026012
Cebpz	ENSG00000115816	CEBPZ	10153	CEBPZ	4	0.39826	0.257	0.590636	173	0	0.022849	0.148	4.9652e-06	2.6e-05	59	0	0.022849
Cggbp1	ENSG00000163320	CGGBP1	8545	CGGBP1	4	0.1621	0.13501	0.590636	71	1	0.011611	0.53054	0.36438	0.766642	228	0	0.011611
Chchd3	ENSG00000106554	CHCHD3	54927	CHCHD3	4	0.51446	0.36574	0.727148	234	0	0.0031564	0.35477	0.13647	0.34883	149	0	0.0031564
Ciao1	ENSG00000144021	CIAO1	9391	CIAO1	4	0.70855	0.54654	0.764856	338	0	-0.0010672	0.44339	0.13647	0.34883	189	0	-0.0010672
Cited2	ENSG00000164442	CITED2	10370	CITED2	4	0.053876	0.135	0.590636	31	1	-0.028241	0.97669	0.97554	1	468	0	-0.028241
Cops2	ENSG00000166200	COPS2	9318	COPS2	4	0.24468	0.25699	0.590636	103	0	-0.026654	0.24468	0.13646	0.34883	99	0	-0.026654
Cops5	ENSG00000121022	COPS5	10987	COPS5	4	0.43431	0.257	0.590636	194	0	-0.016527	0.98268	0.99627	1	473	0	-0.016527
Creb3	ENSG00000107175	CREB3	10488	CREB3	4	0.51096	0.36574	0.727148	231	0	-0.0044049	0.71485	0.61818	0.887432	328	0	-0.0044049
Crebbp	ENSG00000005339	CREBBP	1387	CREBBP	4	0.42248	0.257	0.590636	187	0	-0.0099489	0.80414	0.73943	0.913482	377	0	-0.0099489
Crebrf	ENSG00000164463	CREBRF	153222	CREBRF	4	0.73828	0.54654	0.764856	356	0	0.0017063	0.88742	0.78767	0.913482	432	0	0.0017063
Crebzf	ENSG00000137504	CREBZF	58487	CREBZF	4	0.93737	0.95327	1	450	0	0.030881	0.091669	4.9652e-06	2.6e-05	36	0	0.030881
Crem	ENSG00000095794	CREM	1390	CREM	4	0.53731	0.36575	0.727148	246	0	0.0075695	0.3329	0.13646	0.34883	142	0	0.0075695
Cry1	ENSG00000008405	CRY1	1407	CRY1	4	0.70216	0.54654	0.764856	333	0	0.00089254	0.61198	0.45907	0.766642	276	0	0.00089254
Csrnp1	ENSG00000144655	CSRNP1	64651	CSRNP1	4	0.42644	0.257	0.590636	189	0	-0.0096824	0.86086	0.78766	0.913482	418	0	-0.0096824
Ctbp1	ENSG00000159692	CTBP1	1487	CTBP1	4	0.39689	0.257	0.590636	172	0	9.6161e-06	0.80532	0.73943	0.913482	379	0	9.6161e-06
Ctcf	ENSG00000102974	CTCF	10664	CTCF	4	0.0096565	0.0071251	0.127665	13	2	-0.03669	0.83144	0.73944	0.913482	396	0	-0.03669
Ctnnb1	ENSG00000168036	CTNNB1	1499	CTNNB1	4	0.77102	0.62035	0.813609	370	0	0.021237	0.38864	0.13647	0.34883	166	0	0.021237
Daxx	ENSG00000204209	DAXX	1616	DAXX	4	0.38309	0.257	0.590636	165	0	-0.015285	0.95629	0.96565	1	457	0	-0.015285
Dbp	ENSG00000105516	DBP	1628	DBP	4	0.90426	0.89327	0.996737	429	0	0.010976	0.28127	0.13646	0.34883	116	0	0.010976
Ddit3	ENSG00000175197	DDIT3	1649	DDIT3	4	0.99923	0.99983	1	485	0	0.023405	0.39826	0.13647	0.34883	170	0	0.023405
Ddx1	ENSG00000079785	DDX1	1653	DDX1	4	0.12289	0.135	0.590636	60	1	-0.0087285	0.87191	0.78767	0.913482	424	0	-0.0087285
Ddx5	ENSG00000108654	DDX5	1655	DDX5	4	0.19488	0.13501	0.590636	85	0	-0.0056204	0.9273	0.91775	1	448	0	-0.0056204
Ddx54	ENSG00000123064	DDX54	79039	DDX54	4	0.72257	0.54654	0.764856	345	0	0.019379	0.16559	4.9652e-06	2.6e-05	66	0	0.019379
Deaf1	ENSG00000177030	DEAF1	10522	DEAF1	4	0.11562	0.135	0.590636	57	1	-0.0121	0.87403	0.78767	0.913482	427	0	-0.0121
Dmap1	ENSG00000178028	DMAP1	55929	DMAP1	4	0.98714	0.99359	1	471	0	0.03146	0.074805	4.9652e-06	2.6e-05	28	0	0.03146
Drap1	ENSG00000175550	DRAP1	10589	DRAP1	4	0.0092066	0.0071251	0.127665	12	2	-0.028958	0.98353	0.99627	1	475	0	-0.028958
Dyrk1b	ENSG00000105204	DYRK1B	9149	DYRK1B	4	0.8452	0.78897	0.976003	404	0	0.0052024	0.048107	4.9652e-06	2.6e-05	19	0	0.0052024
E2f4	ENSG00000205250	E2F4	1874	E2F4	4	0.36905	0.257	0.590636	159	0	0.0040901	0.21007	4.9652e-06	2.6e-05	83	0	0.0040901
E2f8	ENSG00000129173	E2F8	79733	E2F8	4	0.5868	0.45927	0.761911	271	0	-0.0094275	0.96791	0.97553	1	463	0	-0.0094275
E4f1	ENSG00000167967	E4F1	1877	E4F1	4	0.92389	0.89328	0.996737	446	0	0.0017471	0.72789	0.61819	0.887432	335	0	0.0017471
Ecd	ENSG00000122882	ECD	11319	ECD	4	0.17256	0.13501	0.590636	76	1	-0.0024225	0.8457	0.78766	0.913482	405	0	-0.0024225
Edf1	ENSG00000107223	EDF1	8721	EDF1	4	0.88703	0.86409	0.996737	418	0	0.002623	0.43562	0.13647	0.34883	183	0	0.002623
Egr1	ENSG00000120738	EGR1	1958	EGR1	4	0.76297	0.62035	0.813609	366	0	0.0072725	0.65617	0.45907	0.766642	299	0	0.0072725
Egr2	ENSG00000122877	EGR2	1959	EGR2	4	0.18464	0.13501	0.590636	82	1	-0.022684	0.75956	0.6822	0.913482	353	0	-0.022684
Eid1	ENSG00000255302	EID1	23741	EID1	4	0.49077	0.36574	0.727148	220	0	-0.011059	0.42512	0.13647	0.34883	179	0	-0.011059
Elf1	ENSG00000120690	ELF1	1997	ELF1	4	0.58989	0.45927	0.761911	272	0	-0.0040719	0.26235	0.13646	0.34883	108	0	-0.0040719
Elf2	ENSG00000109381	ELF2	1998	ELF2	4	0.10094	0.135	0.590636	51	1	-0.014057	0.789	0.68221	0.913482	370	0	-0.014057
Elf4	ENSG00000102034	ELF4	2000	ELF4	4	0.95927	0.97633	1	461	0	0.015291	0.31951	0.13646	0.34883	134	0	0.015291
Elk3	ENSG00000111145	ELK3	2004	ELK3	4	0.38448	0.257	0.590636	166	0	-0.0027284	0.85342	0.78766	0.913482	412	0	-0.0027284
Elk4	ENSG00000158711	ELK4	2005	ELK4	4	0.57324	0.45927	0.761911	263	0	0.011701	0.1533	4.9652e-06	2.6e-05	62	0	0.011701
Elmsan1	ENSG00000156030	MIDEAS	91748	MIDEAS	4	0.28127	0.25699	0.590636	123	0	-0.010363	0.74337	0.61819	0.887432	345	0	-0.010363
Elp2	ENSG00000134759	ELP2	55250	ELP2	4	0.078573	0.135	0.590636	43	1	-0.032564	0.82773	0.73944	0.913482	394	0	-0.032564
Eomes	ENSG00000163508	EOMES	8320	EOMES	4	0.15683	0.13501	0.590636	68	1	0.0083817	0.086073	4.9652e-06	2.6e-05	33	0	0.0083817
Ep300	ENSG00000100393	EP300	2033	EP300	4	0.35333	0.25699	0.590636	153	0	0.0037071	0.76836	0.6822	0.913482	356	0	0.0037071
Epas1	ENSG00000116016	EPAS1	2034	EPAS1	4	0.79999	0.68344	0.853891	385	0	0.0032635	0.78775	0.68221	0.913482	369	0	0.0032635
Erf	ENSG00000105722	ERF	2077	ERF	4	0.3789	0.257	0.590636	162	0	0.0094542	0.49916	0.25718	0.588348	214	0	0.0094542
Esrra	ENSG00000173153	ESRRA	2101	ESRRA	4	0.76969	0.62035	0.813609	369	0	-0.002533	0.65885	0.45907	0.766642	300	0	-0.002533
Ets1	ENSG00000134954	ETS1	2113	ETS1	4	0.50979	0.36574	0.727148	230	0	-0.0060045	0.34899	0.13647	0.34883	146	0	-0.0060045
Ets2	ENSG00000157557	ETS2	2114	ETS2	4	0.72334	0.54654	0.764856	346	0	-0.0052161	0.56687	0.45906	0.766642	250	0	-0.0052161
Etv3	ENSG00000117036	ETV3	2117	ETV3	4	0.62842	0.45928	0.761911	294	0	0.0043908	0.55391	0.45906	0.766642	242	0	0.0043908
Etv6	ENSG00000139083	ETV6	2120	ETV6	4	0.38725	0.257	0.590636	167	0	-0.020533	0.99701	0.99893	1	482	0	-0.020533
Fbxw7	ENSG00000109670	FBXW7	55294	FBXW7	4	0.0067211	0.0071251	0.127665	7	2	-0.028252	0.97843	0.97554	1	469	0	-0.028252
Fli1	ENSG00000151702	FLI1	2313	FLI1	4	0.48836	0.36574	0.727148	219	0	0.008026	0.084203	4.9652e-06	2.6e-05	32	0	0.008026
Fos	ENSG00000170345	FOS	2353	FOS	4	0.42776	0.257	0.590636	190	0	-0.0013172	0.48714	0.25717	0.588348	210	0	-0.0013172
Fosb	ENSG00000125740	FOSB	2354	FOSB	4	0.40506	0.257	0.590636	176	0	0.00059606	0.596	0.45906	0.766642	268	0	0.00059606
Fosl2	ENSG00000075426	FOSL2	2355	FOSL2	4	0.25436	0.25699	0.590636	107	0	-0.012446	0.79819	0.73943	0.913482	375	0	-0.012446
Foxj2	ENSG00000065970	FOXJ2	55810	FOXJ2	4	0.95571	0.96598	1	459	0	0.0085004	0.80996	0.73943	0.913482	381	0	0.0085004
Foxj3	ENSG00000198815	FOXJ3	22887	FOXJ3	4	0.10463	0.135	0.590636	53	1	-0.028712	0.49077	0.25718	0.588348	211	0	-0.028712
Foxk1	ENSG00000164916	FOXK1	221937	FOXK1	4	0.55826	0.45927	0.761911	257	0	-0.00020729	0.34317	0.13646	0.34883	145	0	-0.00020729
Foxk2	ENSG00000141568	FOXK2	3607	FOXK2	4	0.65165	0.54653	0.764856	309	0	-0.010888	0.58577	0.45906	0.766642	264	0	-0.010888
Foxn3	ENSG00000053254	FOXN3	1112	FOXN3	4	0.28749	0.25699	0.590636	126	0	-0.014361	0.86713	0.78767	0.913482	421	0	-0.014361
Foxo1	ENSG00000150907	FOXO1	2308	FOXO1	4	0.89828	0.89327	0.996737	425	0	0.01853	0.24144	0.13646	0.34883	97	0	0.01853
Foxo3	ENSG00000118689	FOXO3	2309	FOXO3	4	0.055793	0.135	0.590636	32	1	-0.023741	0.85056	0.78766	0.913482	409	0	-0.023741
Foxo4	ENSG00000184481	FOXO4	4303	FOXO4	4	0.6341	0.45928	0.761911	298	0	-0.0062934	0.66506	0.54374	0.86209	303	0	-0.0062934
Foxp1	ENSG00000114861	FOXP1	27086	FOXP1	4	0.9962	0.99888	1	480	0	0.023135	0.10646	4.9652e-06	2.6e-05	43	0	0.023135
Foxp3	ENSG00000049768	FOXP3	50943	FOXP3	4	1	1	1	491	0	0.19658	5.8618e-09	4.9652e-06	2.6e-05	1	4	0.19658
Foxp4	ENSG00000137166	FOXP4	116113	FOXP4	4	0.54733	0.36575	0.727148	251	0	-0.0069002	0.54178	0.45906	0.766642	235	0	-0.0069002
Fubp1	ENSG00000162613	FUBP1	8880	FUBP1	4	0.024767	0.007135	0.127665	19	1	-0.019069	0.70776	0.61818	0.887432	323	0	-0.019069
Fus	ENSG00000089280	FUS	2521	FUS	4	0.49318	0.36574	0.727148	222	0	0.0032966	0.34171	0.13646	0.34883	144	0	0.0032966
Gabpa	ENSG00000154727	GABPA	2551	GABPA	4	0.59903	0.45928	0.761911	278	0	0.020339	0.13192	4.9652e-06	2.6e-05	53	0	0.020339
Gata1	ENSG00000102145	GATA1	2623	GATA1	4	0.96087	0.97633	1	463	0	0.014448	0.2234	4.9652e-06	2.6e-05	90	0	0.014448
Gata3	ENSG00000107485	GATA3	2625	GATA3	4	0.52827	0.36575	0.727148	241	0	-0.0094886	0.18464	4.9652e-06	2.6e-05	71	0	-0.0094886
Gatad1	ENSG00000157259	GATAD1	57798	GATAD1	4	0.07669	0.135	0.590636	42	1	0.0042951	0.25756	0.13646	0.34883	105	0	0.0042951
Gfi1	ENSG00000162676	GFI1	2672	GFI1	4	0.92095	0.89328	0.996737	442	0	0.0066021	0.46872	0.25717	0.588348	202	0	0.0066021
GFP	NA	NA	NA	NA	8	0.98733	0.982	1	472	0	0.0066527	0.38653	4.9652e-06	2.6e-05	164	0	0.0066527
Glmp	ENSG00000198715	GLMP	112770	GLMP	4	0.90833	0.89327	0.996737	431	0	0.0025214	0.72562	0.61818	0.887432	333	0	0.0025214
Gmeb2	ENSG00000101216	GMEB2	26205	GMEB2	4	0.44724	0.257	0.590636	199	0	-0.00046393	0.67464	0.54374	0.86209	308	0	-0.00046393
Gmnn	ENSG00000112312	GMNN	51053	GMNN	4	0.40235	0.257	0.590636	174	0	-0.002547	0.88428	0.78767	0.913482	429	0	-0.002547
Gpbp1	ENSG00000062194	GPBP1	65056	GPBP1	4	0.30288	0.25699	0.590636	131	0	0.011439	0.45995	0.25717	0.588348	197	0	0.011439
Gpbp1l1	ENSG00000159592	GPBP1L1	60313	GPBP1L1	4	0.51678	0.36574	0.727148	235	0	-0.0092721	0.36336	0.13647	0.34883	153	0	-0.0092721
Gps2	ENSG00000132522	GPS2	2874	GPS2	4	0.30592	0.25699	0.590636	133	0	0.00022094	0.77497	0.68221	0.913482	358	0	0.00022094
Gtf2a2	ENSG00000140307	GTF2A2	2958	GTF2A2	4	0.50626	0.36574	0.727148	228	0	0.007865	0.065335	4.9652e-06	2.6e-05	24	0	0.007865
Gtf2f2	ENSG00000188342	GTF2F2	2963	GTF2F2	4	0.68737	0.54653	0.764856	325	0	0.020139	0.099089	4.9652e-06	2.6e-05	40	0	0.020139
Gtf2h4	ENSG00000213780	GTF2H4	2968	GTF2H4	4	0.91161	0.89328	0.996737	433	0	0.013514	0.29368	0.13646	0.34883	122	0	0.013514
Gtf2i	ENSG00000263001	GTF2I	2969	GTF2I	4	0.11379	0.135	0.590636	56	1	-0.016271	0.95835	0.96565	1	458	0	-0.016271
Gtf2ird1	ENSG00000006704	GTF2IRD1	9569	GTF2IRD1	4	0.62652	0.45928	0.761911	292	0	-0.0060522	0.77562	0.68221	0.913482	359	0	-0.0060522
Hcfc1	ENSG00000172534	HCFC1	3054	HCFC1	4	0.012825	0.0071251	0.127665	15	2	-0.034711	0.99443	0.99892	1	480	0	-0.034711
Hdac1	ENSG00000116478	HDAC1	3065	HDAC1	4	0.8961	0.89327	0.996737	423	0	0.0038702	0.15859	4.9652e-06	2.6e-05	64	0	0.0038702
Hdac3	ENSG00000171720	HDAC3	8841	HDAC3	4	0.70457	0.54654	0.764856	335	0	-0.0092876	0.7412	0.61819	0.887432	344	0	-0.0092876
Hdac4	ENSG00000068024	HDAC4	9759	HDAC4	4	0.91607	0.89328	0.996737	437	0	0.0073399	0.27186	0.13646	0.34883	112	0	0.0073399
Hdac7	ENSG00000061273	HDAC7	51564	HDAC7	4	0.773	0.62036	0.813609	372	0	0.0029215	0.73755	0.61819	0.887432	342	0	0.0029215
Hdac9	ENSG00000048052	HDAC9	9734	HDAC9	4	0.13551	0.135	0.590636	64	1	-0.015479	0.98675	0.99628	1	477	0	-0.015479
Hdgf	ENSG00000143321	HDGF	3068	HDGF	4	0.75332	0.62035	0.813609	361	0	0.01129	0.030641	4.9652e-06	2.6e-05	12	1	0.01129
Helz2	ENSG00000130589	HELZ2	85441	HELZ2	4	0.11926	0.135	0.590636	58	1	-0.00029908	0.64064	0.45907	0.766642	291	0	-0.00029908
Hes6	ENSG00000144485	HES6	55502	HES6	4	0.91386	0.89328	0.996737	434	0	0.0068623	0.78461	0.68221	0.913482	365	0	0.0068623
Hif1a	ENSG00000100644	HIF1A	3091	HIF1A	4	0.78079	0.62036	0.813609	377	0	0.02942	0.2687	0.13646	0.34883	110	0	0.02942
Hipk1	ENSG00000163349	HIPK1	204851	HIPK1	4	0.75262	0.62035	0.813609	360	0	0.0013929	0.61589	0.45907	0.766642	277	0	0.0013929
Hipk2	ENSG00000064393	HIPK2	28996	HIPK2	4	0.68317	0.54653	0.764856	321	0	-0.0006167	0.20335	4.9652e-06	2.6e-05	80	0	-0.0006167
Hipk3	ENSG00000110422	HIPK3	10114	HIPK3	4	0.71485	0.54654	0.764856	342	0	0.00627	0.40777	0.13647	0.34883	173	0	0.00627
Hivep1	ENSG00000095951	HIVEP1	3096	HIVEP1	4	0.27814	0.25699	0.590636	121	0	-0.0042884	0.45363	0.13647	0.34883	194	0	-0.0042884
Hivep2	ENSG00000010818	HIVEP2	3097	HIVEP2	4	0.64526	0.54653	0.764856	305	0	0.0011968	0.6471	0.45907	0.766642	294	0	0.0011968
Hivep3	ENSG00000127124	HIVEP3	59269	HIVEP3	4	0.097239	0.135	0.590636	50	1	-0.015354	0.30135	0.13646	0.34883	126	0	-0.015354
Hltf	ENSG00000071794	HLTF	6596	HLTF	4	0.26711	0.25699	0.590636	115	0	-0.0090763	0.41181	0.13647	0.34883	175	0	-0.0090763
Hmg20b	ENSG00000064961	HMG20B	10362	HMG20B	4	0.050033	0.135	0.590636	29	1	-0.0062023	0.315	0.13646	0.34883	132	0	-0.0062023
Hmga1	ENSG00000137309	HMGA1	3159	HMGA1	4	0.71563	0.54654	0.764856	343	0	-0.0010886	0.51096	0.25718	0.588348	216	0	-0.0010886
Hmgb2	ENSG00000164104	HMGB2	3148	HMGB2	4	0.03649	0.007135	0.127665	23	1	-0.022727	0.9912	0.99791	1	478	0	-0.022727
Hnrnpab	ENSG00000197451	HNRNPAB	3182	HNRNPAB	4	0.81566	0.68344	0.853891	392	0	0.010298	0.44468	0.13647	0.34883	190	0	0.010298
Hnrnpk	ENSG00000165119	HNRNPK	3190	HNRNPK	4	0.9995	0.99998	1	487	0	0.038807	0.10094	4.9652e-06	2.6e-05	41	0	0.038807
Hopx	ENSG00000171476	HOPX	84525	HOPX	4	0.85857	0.86408	0.996737	408	0	-0.0029213	0.78962	0.68221	0.913482	371	0	-0.0029213
Hsf1	ENSG00000185122	HSF1	3297	HSF1	4	0.80649	0.68344	0.853891	389	0	0.018862	0.2084	4.9652e-06	2.6e-05	82	0	0.018862
Hsf2	ENSG00000025156	HSF2	3298	HSF2	4	0.42512	0.257	0.590636	188	0	-0.0054965	0.67291	0.54374	0.86209	307	0	-0.0054965
Hyal2	ENSG00000068001	HYAL2	8692	HYAL2	4	0.64618	0.54653	0.764856	306	0	0.0067424	0.47492	0.25717	0.588348	206	0	0.0067424
Id3	ENSG00000117318	ID3	3399	ID3	4	0.76093	0.62035	0.813609	365	0	0.015667	0.13909	4.9652e-06	2.6e-05	56	0	0.015667
Ikzf1	ENSG00000185811	IKZF1	10320	IKZF1	4	0.58267	0.45927	0.761911	269	0	0.024331	0.17948	4.9652e-06	2.6e-05	70	0	0.024331
Ikzf2	ENSG00000030419	IKZF2	22807	IKZF2	4	0.34608	0.25699	0.590636	149	0	-0.011364	0.98181	0.99627	1	472	0	-0.011364
Ikzf3	ENSG00000161405	IKZF3	22806	IKZF3	4	0.29522	0.25699	0.590636	129	0	-0.013028	0.81734	0.73943	0.913482	385	0	-0.013028
Ikzf4	ENSG00000123411	IKZF4	64375	IKZF4	4	0.13372	0.135	0.590636	63	1	-0.007087	0.62652	0.45907	0.766642	283	0	-0.007087
Ing4	ENSG00000111653	ING4	51147	ING4	4	0.071026	0.135	0.590636	39	1	0.022202	0.27657	0.13646	0.34883	114	0	0.022202
Irf1	ENSG00000125347	IRF1	3659	IRF1	4	0.01131	0.0071251	0.127665	14	2	-0.021664	0.94317	0.95266	1	452	0	-0.021664
Irf2	ENSG00000168310	IRF2	3660	IRF2	4	0.45108	0.257	0.590636	202	0	0.014271	0.27028	0.13646	0.34883	111	0	0.014271
Irf2bp1	ENSG00000170604	IRF2BP1	26145	IRF2BP1	4	0.89864	0.89327	0.996737	426	0	0.0028573	0.82558	0.73944	0.913482	392	0	0.0028573
Irf2bp2	ENSG00000168264	IRF2BP2	359948	IRF2BP2	4	0.85625	0.86408	0.996737	407	0	0.00014648	0.59397	0.45906	0.766642	266	0	0.00014648
Irf3	ENSG00000126456	IRF3	3661	IRF3	4	0.50509	0.36574	0.727148	227	0	-0.0075372	0.52941	0.36438	0.766642	227	0	-0.0075372
Irf4	ENSG00000137265	IRF4	3662	IRF4	4	0.36336	0.257	0.590636	157	0	-0.0040553	0.5237	0.36437	0.766642	225	0	-0.0040553
Irf5	ENSG00000128604	IRF5	3663	IRF5	4	0.39002	0.257	0.590636	168	0	-0.018393	0.70696	0.61818	0.887432	322	0	-0.018393
Irf7	ENSG00000185507	IRF7	3665	IRF7	4	0.98888	0.99632	1	473	0	0.022696	0.38309	0.13647	0.34883	161	0	0.022696
Irf8	ENSG00000140968	IRF8	3394	IRF8	4	0.75471	0.62035	0.813609	362	0	-0.0013994	0.41046	0.13647	0.34883	174	0	-0.0013994
Irf9	ENSG00000213928	IRF9	10379	IRF9	4	0.47861	0.257	0.590636	215	0	-0.0023779	0.555	0.45906	0.766642	243	0	-0.0023779
Jarid2	ENSG00000008083	JARID2	3720	JARID2	4	0.60902	0.45928	0.761911	282	0	0.0015443	0.3135	0.13646	0.34883	131	0	0.0015443
Jmy	ENSG00000152409	JMY	133746	JMY	4	0.069132	0.135	0.590636	38	1	-0.0036742	0.81396	0.73943	0.913482	383	0	-0.0036742
Jun	ENSG00000177606	JUN	3725	JUN	4	0.46996	0.257	0.590636	213	0	-0.002727	0.67807	0.54374	0.86209	309	0	-0.002727
Junb	ENSG00000171223	JUNB	3726	JUNB	4	0.54401	0.36575	0.727148	250	0	-0.012488	0.94478	0.96564	1	453	0	-0.012488
Jup	ENSG00000173801	JUP	3728	JUP	4	0.33584	0.25699	0.590636	145	0	-0.00076661	0.85625	0.78766	0.913482	415	0	-0.00076661
Kat2a	ENSG00000108773	KAT2A	2648	KAT2A	4	0.49797	0.36574	0.727148	224	0	-0.0087419	0.16734	4.9652e-06	2.6e-05	67	0	-0.0087419
Kat5	ENSG00000172977	KAT5	10524	KAT5	4	0.93862	0.95327	1	452	0	0.018188	0.069132	4.9652e-06	2.6e-05	26	0	0.018188
Kat6a	ENSG00000083168	KAT6A	7994	KAT6A	4	0.10646	0.135	0.590636	54	1	-0.026541	0.98151	0.99627	1	471	0	-0.026541
Kat7	ENSG00000136504	KAT7	11143	KAT7	4	0.45869	0.257	0.590636	205	0	-0.0080453	0.82612	0.73944	0.913482	393	0	-0.0080453
Kdm1a	ENSG00000004487	KDM1A	23028	KDM1A	4	0.86402	0.86408	0.996737	410	0	0.00035041	0.84814	0.78766	0.913482	406	0	0.00035041
Kdm3a	ENSG00000115548	KDM3A	55818	KDM3A	4	0.60105	0.45928	0.761911	279	0	0.017544	0.33584	0.13646	0.34883	143	0	0.017544
Kdm5a	ENSG00000073614	KDM5A	5927	KDM5A	4	0.32697	0.25699	0.590636	142	0	-0.0045492	0.91386	0.89386	1	444	0	-0.0045492
Kdm5b	ENSG00000117139	KDM5B	10765	KDM5B	4	0.065335	0.135	0.590636	36	1	-0.010094	0.74481	0.61819	0.887432	346	0	-0.010094
Klf11	ENSG00000172059	KLF11	8462	KLF11	4	0.17948	0.13501	0.590636	79	1	-0.015517	0.62172	0.45907	0.766642	281	0	-0.015517
Klf13	ENSG00000169926	KLF13	51621	KLF13	4	0.55609	0.45927	0.761911	255	0	0.0016855	0.43301	0.13647	0.34883	181	0	0.0016855
Klf16	ENSG00000129911	KLF16	83855	KLF16	4	0.69401	0.54653	0.764856	330	0	-0.0030061	0.85811	0.78766	0.913482	416	0	-0.0030061
Klf2	ENSG00000127528	KLF2	10365	KLF2	4	0.006343	0.0071251	0.127665	6	2	-0.038036	0.99749	0.99969	1	483	0	-0.038036
Klf4	ENSG00000136826	KLF4	9314	KLF4	4	0.27028	0.25699	0.590636	117	0	-0.00048535	0.63598	0.45907	0.766642	286	0	-0.00048535
Kmt2e	ENSG00000005483	KMT2E	55904	KMT2E	4	0.70617	0.54654	0.764856	336	0	-0.0060673	0.37328	0.13647	0.34883	156	0	-0.0060673
Ldb1	ENSG00000198728	LDB1	8861	LDB1	4	0.13192	0.135	0.590636	62	1	-0.0044269	0.73608	0.61819	0.887432	341	0	-0.0044269
Lef1	ENSG00000138795	LEF1	51176	LEF1	4	0.65617	0.54653	0.764856	310	0	-0.008259	0.69647	0.54375	0.86209	315	0	-0.008259
Lif	ENSG00000128342	LIF	3976	LIF	4	0.89971	0.89327	0.996737	427	0	0.0041345	0.71093	0.61818	0.887432	325	0	0.0041345
Limd1	ENSG00000144791	LIMD1	8994	LIMD1	4	0.58577	0.45927	0.761911	270	0	0.0075625	0.31047	0.13646	0.34883	130	0	0.0075625
Lpxn	ENSG00000110031	LPXN	9404	LPXN	4	0.32846	0.25699	0.590636	143	0	-0.0095122	0.87361	0.78767	0.913482	426	0	-0.0095122
Maf	ENSG00000178573	MAF	4094	MAF	4	0.93088	0.89328	0.996737	449	0	0.0066293	0.67205	0.54374	0.86209	306	0	0.0066293
Mafg	ENSG00000197063	MAFG	4097	MAFG	4	0.17602	0.13501	0.590636	78	1	0.0054927	0.71873	0.61818	0.887432	331	0	0.0054927
Mafk	ENSG00000198517	MAFK	7975	MAFK	4	0.91638	0.89328	0.996737	438	0	0.0073398	0.64434	0.45907	0.766642	293	0	0.0073398
Maged1	ENSG00000179222	MAGED1	9500	MAGED1	4	0.25916	0.25699	0.590636	110	0	0.0050799	0.22174	4.9652e-06	2.6e-05	89	0	0.0050799
Maml1	ENSG00000161021	MAML1	9794	MAML1	4	0.86492	0.86408	0.996737	411	0	-0.00078031	0.82177	0.73944	0.913482	388	0	-0.00078031
Maml2	ENSG00000184384	MAML2	84441	MAML2	4	0.27657	0.25699	0.590636	120	0	0.00063564	0.63692	0.45907	0.766642	287	0	0.00063564
Max	ENSG00000125952	MAX	4149	MAX	4	0.50154	0.36574	0.727148	225	0	-0.0092919	0.44081	0.13647	0.34883	187	0	-0.0092919
Med1	ENSG00000125686	MED1	5469	MED1	4	0.20504	0.13501	0.590636	90	0	-0.0076726	0.87105	0.78767	0.913482	423	0	-0.0076726
Med11	ENSG00000161920	MED11	400569	MED11	4	0.99285	0.99786	1	478	0	0.047537	0.026728	4.9652e-06	2.6e-05	10	1	0.047537
Med12	ENSG00000184634	MED12	9968	MED12	4	0.98955	0.99632	1	474	0	0.050517	0.012937	4.9652e-06	2.6e-05	4	1	0.050517
Med13	ENSG00000108510	MED13	9969	MED13	4	0.99789	0.99951	1	482	0	0.0233	0.29675	0.13646	0.34883	124	0	0.0233
Med13l	ENSG00000123066	MED13L	23389	MED13L	4	0.94984	0.95328	1	457	0	0.0051405	0.63127	0.45907	0.766642	284	0	0.0051405
Med14	ENSG00000180182	MED14	9282	MED14	4	0.79394	0.62036	0.813609	382	0	0.021271	0.024767	4.9652e-06	2.6e-05	9	1	0.021271
Med15	ENSG00000099917	MED15	51586	MED15	4	0.81734	0.68344	0.853891	393	0	0.0058582	0.61784	0.45907	0.766642	279	0	0.0058582
Med16	ENSG00000175221	MED16	10025	MED16	4	0.77886	0.62036	0.813609	376	0	-0.0045692	0.1373	4.9652e-06	2.6e-05	55	0	-0.0045692
Med17	ENSG00000042429	MED17	9440	MED17	4	0.48472	0.257	0.590636	218	0	0.014056	0.063433	4.9652e-06	2.6e-05	23	0	0.014056
Med21	ENSG00000152944	MED21	9412	MED21	4	0.26394	0.25699	0.590636	113	0	0.00077669	0.78207	0.68221	0.913482	364	0	0.00077669
Med22	ENSG00000148297	MED22	6837	MED22	4	0.61492	0.45928	0.761911	285	0	0.0017086	0.36051	0.13647	0.34883	152	0	0.0017086
Med24	ENSG00000008838	MED24	9862	MED24	4	0.29213	0.25699	0.590636	127	0	-0.0017477	0.70617	0.61818	0.887432	321	0	-0.0017477
Med26	ENSG00000105085	MED26	9441	MED26	4	0.89126	0.89327	0.996737	420	0	0.016155	0.38725	0.13647	0.34883	165	0	0.016155
Med27	ENSG00000160563	MED27	9442	MED27	4	0.65974	0.54653	0.764856	312	0	0.010473	0.097239	4.9652e-06	2.6e-05	39	0	0.010473
Med30	ENSG00000164758	MED30	90390	MED30	4	0.35621	0.257	0.590636	154	0	0.050714	0.020835	4.9652e-06	2.6e-05	7	1	0.050714
Med4	ENSG00000136146	MED4	29079	MED4	4	0.59702	0.45928	0.761911	276	0	0.014054	0.29213	0.13646	0.34883	121	0	0.014054
Med7	ENSG00000155868	MED7	9443	MED7	4	0.040374	0.007135	0.127665	25	1	0.012948	0.3914	0.13647	0.34883	168	0	0.012948
Med8	ENSG00000159479	MED8	112950	MED8	4	0.70776	0.54654	0.764856	337	0	0.023791	0.067235	4.9652e-06	2.6e-05	25	0	0.023791
Med9	ENSG00000141026	MED9	55090	MED9	4	0.80118	0.68344	0.853891	386	0	-0.0035065	0.90288	0.86444	0.982046	439	0	-0.0035065
Mef2a	ENSG00000068305	MEF2A	4205	MEF2A	4	0.5191	0.36575	0.727148	237	0	0.0046869	0.62075	0.45907	0.766642	280	0	0.0046869
Mef2d	ENSG00000116604	MEF2D	4209	MEF2D	4	0.16385	0.13501	0.590636	72	1	-0.0043473	0.77627	0.68221	0.913482	360	0	-0.0043473
Meis3	ENSG00000105419	MEIS3	56917	MEIS3	4	0.77431	0.62036	0.813609	374	0	0.015949	0.071026	4.9652e-06	2.6e-05	27	0	0.015949
Mina	ENSG00000170854	RIOX2	84864	RIOX2	4	0.69973	0.54654	0.764856	332	0	-0.0005774	0.23818	0.13646	0.34883	96	0	-0.0005774
Mkl1	ENSG00000196588	MRTFA	57591	MRTFA	4	0.21007	0.13501	0.590636	91	0	-0.023446	0.43951	0.13647	0.34883	186	0	-0.023446
Mlx	ENSG00000108788	MLX	6945	MLX	4	0.014916	0.0071251	0.127665	16	1	0.019662	0.29059	0.13646	0.34883	120	0	0.019662
Mlxip	ENSG00000175727	MLXIP	22877	MLXIP	4	0.89239	0.89327	0.996737	421	0	0.004343	0.46623	0.25717	0.588348	201	0	0.004343
Mms19	ENSG00000155229	MMS19	64210	MMS19	4	0.72939	0.54654	0.764856	351	0	0.010292	0.64801	0.45907	0.766642	295	0	0.010292
Mndal	ENSG00000163565	IFI16	3428	IFI16	4	0.19658	0.13501	0.590636	86	0	0.0020438	0.5743	0.45906	0.766642	255	0	0.0020438
Mnt	ENSG00000070444	MNT	4335	MNT	4	0.8059	0.68344	0.853891	388	0	0.0069143	0.60604	0.45907	0.766642	273	0	0.0069143
Mta2	ENSG00000149480	MTA2	9219	MTA2	4	0.99527	0.99787	1	479	0	0.01818	0.32994	0.13646	0.34883	140	0	0.01818
Mta3	ENSG00000057935	MTA3	57504	MTA3	4	0.36479	0.257	0.590636	158	0	0.0013383	0.79455	0.68221	0.913482	373	0	0.0013383
Mtdh	ENSG00000147649	MTDH	92140	MTDH	4	0.072917	0.135	0.590636	40	1	-0.012333	0.90392	0.86444	0.982046	440	0	-0.012333
Mxd1	ENSG00000059728	MXD1	4084	MXD1	4	0.28594	0.25699	0.590636	125	0	-0.00036562	0.46996	0.25717	0.588348	203	0	-0.00036562
Myb	ENSG00000118513	MYB	4602	MYB	4	0.56151	0.45927	0.761911	258	0	-0.01271	0.7498	0.61819	0.887432	347	0	-0.01271
Mybbp1a	ENSG00000132382	MYBBP1A	10514	MYBBP1A	4	0.596	0.45928	0.761911	275	0	-0.003791	0.080452	4.9652e-06	2.6e-05	30	0	-0.003791
Mybl2	ENSG00000101057	MYBL2	4605	MYBL2	4	0.39277	0.257	0.590636	169	0	0.0029673	0.21842	4.9652e-06	2.6e-05	87	0	0.0029673
Myc	ENSG00000136997	MYC	4609	MYC	4	0.99994	1	1	489	0	0.060121	0.042312	4.9652e-06	2.6e-05	16	0	0.060121
Myef2	ENSG00000104177	MYEF2	50804	MYEF2	4	0.73238	0.54654	0.764856	352	0	0.0028447	0.27971	0.13646	0.34883	115	0	0.0028447
Nab1	ENSG00000138386	NAB1	4664	NAB1	4	0.051956	0.135	0.590636	30	1	-0.028769	0.96277	0.96565	1	459	0	-0.028769
Nab2	ENSG00000166886	NAB2	4665	NAB2	4	0.66944	0.54653	0.764856	316	0	-0.0017114	0.65165	0.45907	0.766642	296	0	-0.0017114
Naca	ENSG00000196531	NACA	4666	NACA	4	0.96209	0.97633	1	464	0	0.029238	0.087941	4.9652e-06	2.6e-05	34	0	0.029238
Ncoa2	ENSG00000140396	NCOA2	10499	NCOA2	4	0.086073	0.135	0.590636	46	1	-0.0073869	0.65437	0.45907	0.766642	298	0	-0.0073869
Ncoa3	ENSG00000124151	NCOA3	8202	NCOA3	4	0.29829	0.25699	0.590636	130	0	-0.014064	0.97276	0.97553	1	465	0	-0.014064
Ncoa6	ENSG00000198646	NCOA6	23054	NCOA6	4	0.97249	0.98973	1	469	0	0.01131	0.17082	4.9652e-06	2.6e-05	68	0	0.01131
Ncor1	ENSG00000141027	NCOR1	9611	NCOR1	4	0.16034	0.13501	0.590636	70	1	-0.012578	0.77886	0.68221	0.913482	362	0	-0.012578
Ncor2	ENSG00000196498	NCOR2	9612	NCOR2	4	0.84272	0.7395	0.921617	402	0	-0.003256	0.69401	0.54375	0.86209	314	0	-0.003256
Nfat5	ENSG00000102908	NFAT5	10725	NFAT5	4	0.46498	0.257	0.590636	209	0	0.0018429	0.73014	0.61819	0.887432	338	0	0.0018429
Nfatc1	ENSG00000131196	NFATC1	4772	NFATC1	4	0.34463	0.25699	0.590636	148	0	0.0031463	0.71718	0.61818	0.887432	330	0	0.0031463
Nfatc2	ENSG00000101096	NFATC2	4773	NFATC2	4	0.74337	0.54654	0.764856	358	0	0.0069912	0.21509	4.9652e-06	2.6e-05	86	0	0.0069912
Nfatc3	ENSG00000072736	NFATC3	4775	NFATC3	4	0.35188	0.25699	0.590636	152	0	-0.02411	0.96821	0.97553	1	464	0	-0.02411
Nfe2l1	ENSG00000082641	NFE2L1	4779	NFE2L1	4	0.067235	0.135	0.590636	37	1	-0.024098	0.99422	0.99892	1	479	0	-0.024098
Nfe2l2	ENSG00000116044	NFE2L2	4780	NFE2L2	4	0.082329	0.135	0.590636	44	1	-0.0070297	0.66241	0.54374	0.86209	301	0	-0.0070297
Nfil3	ENSG00000165030	NFIL3	4783	NFIL3	4	0.79758	0.68344	0.853891	383	0	0.0042345	0.72939	0.61819	0.887432	337	0	0.0042345
Nfix	ENSG00000008441	NFIX	4784	NFIX	4	0.94899	0.95328	1	456	0	0.01433	0.45743	0.13647	0.34883	196	0	0.01433
Nfkb1	ENSG00000109320	NFKB1	4790	NFKB1	4	0.82879	0.68345	0.853891	397	0	0.0033774	0.35188	0.13647	0.34883	147	0	0.0033774
Nfkb2	ENSG00000077150	NFKB2	4791	NFKB2	4	0.3044	0.25699	0.590636	132	0	-0.010619	0.5785	0.45906	0.766642	257	0	-0.010619
Nfkbid	ENSG00000167604	NFKBID	84807	NFKBID	4	0.21342	0.13501	0.590636	93	0	0.0025046	0.4421	0.13647	0.34883	188	0	0.0025046
Nfkbiz	ENSG00000144802	NFKBIZ	64332	NFKBIZ	4	0.61687	0.45928	0.761911	286	0	0.0029356	0.57006	0.45906	0.766642	252	0	0.0029356
Nfx1	ENSG00000086102	NFX1	4799	NFX1	4	0.50272	0.36574	0.727148	226	0	-0.0012679	0.89012	0.82932	0.959561	433	0	-0.0012679
Nfya	ENSG00000001167	NFYA	4800	NFYA	4	0.24953	0.25699	0.590636	105	0	-0.017854	0.83197	0.73944	0.913482	397	0	-0.017854
Nfyb	ENSG00000120837	NFYB	4801	NFYB	4	0.091669	0.135	0.590636	48	1	-0.011582	0.57954	0.45906	0.766642	258	0	-0.011582
Nfyc	ENSG00000066136	NFYC	4802	NFYC	4	0.042312	0.007135	0.127665	26	1	0.0046305	0.71563	0.61818	0.887432	329	0	0.0046305
Noc2l	ENSG00000188976	NOC2L	26155	NOC2L	4	0.43039	0.257	0.590636	192	0	0.0029194	0.15683	4.9652e-06	2.6e-05	63	0	0.0029194
Notch1	ENSG00000148400	NOTCH1	4851	NOTCH1	4	0.20166	0.13501	0.590636	88	0	-0.0064498	0.72486	0.61818	0.887432	332	0	-0.0064498
Npas4	ENSG00000174576	NPAS4	266743	NPAS4	4	0.026728	0.007135	0.127665	20	1	-0.0098698	0.39552	0.13647	0.34883	169	0	-0.0098698
Npm1	ENSG00000181163	NPM1	4869	NPM1	4	0.67291	0.54653	0.764856	317	0	0.013003	0.11197	4.9652e-06	2.6e-05	44	0	0.013003
Nr1d2	ENSG00000174738	NR1D2	9975	NR1D2	4	0.35764	0.257	0.590636	155	0	0.0055352	0.5429	0.45906	0.766642	236	0	0.0055352
Nr1h2	ENSG00000131408	NR1H2	7376	NR1H2	4	0.84814	0.78898	0.976003	405	0	0.0063388	0.80473	0.73943	0.913482	378	0	0.0063388
Nr2f6	ENSG00000160113	NR2F6	2063	NR2F6	4	0.27343	0.25699	0.590636	119	0	0.011868	0.19318	4.9652e-06	2.6e-05	74	0	0.011868
Nr3c1	ENSG00000113580	NR3C1	2908	NR3C1	4	0.18806	0.13501	0.590636	84	0	-0.020236	0.12832	4.9652e-06	2.6e-05	51	0	-0.020236
Nr4a1	ENSG00000123358	NR4A1	3164	NR4A1	4	0.98353	0.99358	1	470	0	0.0113	0.54067	0.45906	0.766642	234	0	0.0113
Nr4a2	ENSG00000153234	NR4A2	4929	NR4A2	4	0.64064	0.45928	0.761911	302	0	-0.0073073	0.90148	0.86444	0.982046	438	0	-0.0073073
Nr4a3	ENSG00000119508	NR4A3	8013	NR4A3	4	0.52941	0.36575	0.727148	242	0	-0.0060959	0.852	0.78766	0.913482	411	0	-0.0060959
Nrf1	ENSG00000106459	NRF1	4899	NRF1	4	0.43562	0.257	0.590636	195	0	-0.010002	0.83664	0.73944	0.913482	400	0	-0.010002
Nrip1	ENSG00000180530	NRIP1	8204	NRIP1	4	0.54067	0.36575	0.727148	247	0	-0.013652	0.49797	0.25718	0.588348	213	0	-0.013652
Nsd1	ENSG00000165671	NSD1	64324	NSD1	4	0.0085507	0.0071251	0.127665	10	2	-0.038814	0.8496	0.78766	0.913482	408	0	-0.038814
Nucks1	ENSG00000069275	NUCKS1	64710	NUCKS1	4	0.65706	0.54653	0.764856	311	0	0.002822	0.68821	0.54375	0.86209	311	0	0.002822
Pa2g4	ENSG00000170515	PA2G4	5036	PA2G4	4	0.018865	0.0071251	0.127665	17	1	-0.022419	0.96493	0.96565	1	460	0	-0.022419
Park7	ENSG00000116288	PARK7	11315	PARK7	4	0.72864	0.54654	0.764856	350	0	-0.0029301	0.25275	0.13646	0.34883	102	0	-0.0029301
Paxbp1	ENSG00000159086	PAXBP1	94104	PAXBP1	4	0.93812	0.95327	1	451	0	0.0089769	0.43822	0.13647	0.34883	185	0	0.0089769
Pbx2	ENSG00000204304	PBX2	5089	PBX2	4	0.80765	0.68344	0.853891	390	0	0.0023176	0.22505	4.9652e-06	2.6e-05	91	0	0.0023176
Pcbp3	ENSG00000183570	PCBP3	54039	PCBP3	4	0.8134	0.68344	0.853891	391	0	0.020887	0.23491	4.9652e-06	2.6e-05	95	0	0.020887
Pcgf6	ENSG00000156374	PCGF6	84108	PCGF6	4	0.69236	0.54653	0.764856	328	0	-0.003141	0.54512	0.45906	0.766642	238	0	-0.003141
Pdlim1	ENSG00000107438	PDLIM1	9124	PDLIM1	4	0.7241	0.54654	0.764856	347	0	0.0046758	0.56366	0.45906	0.766642	249	0	0.0046758
Per1	ENSG00000179094	PER1	5187	PER1	4	0.92184	0.89328	0.996737	443	0	0.028247	0.089807	4.9652e-06	2.6e-05	35	0	0.028247
Pex14	ENSG00000142655	PEX14	5195	PEX14	4	0.78962	0.62036	0.813609	381	0	-0.0017474	0.66769	0.54374	0.86209	305	0	-0.0017474
Phb	ENSG00000167085	PHB1	5245	PHB1	4	0.90006	0.89327	0.996737	428	0	0.0045026	0.76568	0.6822	0.913482	355	0	0.0045026
Phf12	ENSG00000109118	PHF12	57649	PHF12	4	0.97112	0.98973	1	465	0	0.0165	0.19658	4.9652e-06	2.6e-05	76	0	0.0165
Phf2	ENSG00000197724	PHF2	5253	PHF2	4	0.87148	0.86408	0.996737	413	0	0.00010374	0.4037	0.13647	0.34883	171	0	0.00010374
Phf5a	ENSG00000100410	PHF5A	84844	PHF5A	4	0.77757	0.62036	0.813609	375	0	-0.001679	0.91884	0.89387	1	445	0	-0.001679
Pias1	ENSG00000033800	PIAS1	8554	PIAS1	4	0.49438	0.36574	0.727148	223	0	0.0055975	0.70054	0.61818	0.887432	317	0	0.0055975
Pias4	ENSG00000105229	PIAS4	51588	PIAS4	4	0.99198	0.99633	1	476	0	0.012637	0.56794	0.45906	0.766642	251	0	0.012637
Pkn1	ENSG00000123143	PKN1	5585	PKN1	4	0.66152	0.54653	0.764856	314	0	-0.0042828	0.3044	0.13646	0.34883	127	0	-0.0042828
Pknox1	ENSG00000160199	PKNOX1	5316	PKNOX1	4	0.91544	0.89328	0.996737	435	0	0.0051073	0.58267	0.45906	0.766642	261	0	0.0051073
Plagl1	ENSG00000118495	PLAGL1	5325	PLAGL1	4	0.34025	0.25699	0.590636	147	0	-0.004987	0.91096	0.89386	1	443	0	-0.004987
Plagl2	ENSG00000126003	PLAGL2	5326	PLAGL2	4	0.91914	0.89328	0.996737	440	0	0.027369	0.22835	4.9652e-06	2.6e-05	92	0	0.027369
Plscr1	ENSG00000188313	PLSCR1	5359	PLSCR1	4	0.72562	0.54654	0.764856	348	0	-0.0045846	0.73386	0.61819	0.887432	340	0	-0.0045846
Pmf1	ENSG00000160783	PMF1	11243	PMF1	4	0.31047	0.25699	0.590636	134	0	-0.025057	0.63878	0.45907	0.766642	289	0	-0.025057
Pml	ENSG00000140464	PML	5371	PML	4	0.41849	0.257	0.590636	184	0	-0.017615	0.54843	0.45906	0.766642	240	0	-0.017615
Pou2f1	ENSG00000143190	POU2F1	5451	POU2F1	4	0.73682	0.54654	0.764856	355	0	0.0011395	0.6981	0.54375	0.86209	316	0	0.0011395
Pou2f2	ENSG00000028277	POU2F2	5452	POU2F2	4	0.64893	0.54653	0.764856	307	0	-0.01666	0.69236	0.54375	0.86209	313	0	-0.01666
Pou6f1	ENSG00000184271	POU6F1	5463	POU6F1	4	0.25756	0.25699	0.590636	109	0	0.012488	0.49318	0.25718	0.588348	212	0	0.012488
Ppard	ENSG00000112033	PPARD	5467	PPARD	4	0.4037	0.257	0.590636	175	0	0.00092639	0.19488	4.9652e-06	2.6e-05	75	0	0.00092639
Pprc1	ENSG00000148840	PPRC1	23082	PPRC1	4	0.22008	0.13501	0.590636	95	0	0.0016231	0.23328	4.9652e-06	2.6e-05	94	0	0.0016231
Prdm1	ENSG00000057657	PRDM1	639	PRDM1	4	0.16908	0.13501	0.590636	74	1	-0.0016495	0.84122	0.78766	0.913482	402	0	-0.0016495
Preb	ENSG00000138073	PREB	10113	PREB	4	0.60704	0.45928	0.761911	280	0	-0.0082428	0.88664	0.78767	0.913482	431	0	-0.0082428
Prkcb	ENSG00000166501	PRKCB	5579	PRKCB	4	0.40911	0.257	0.590636	178	0	-0.011291	0.16385	4.9652e-06	2.6e-05	65	0	-0.011291
Prkrir	ENSG00000137492	THAP12	5612	THAP12	4	0.46748	0.257	0.590636	211	0	-0.0061049	0.64342	0.45907	0.766642	292	0	-0.0061049
Prpf6	ENSG00000101161	PRPF6	24148	PRPF6	4	0.46372	0.257	0.590636	208	0	-0.010812	0.33142	0.13646	0.34883	141	0	-0.010812
Psip1	ENSG00000164985	PSIP1	11168	PSIP1	4	0.39552	0.257	0.590636	171	0	-8.1249e-06	0.50154	0.25718	0.588348	215	0	-8.1249e-06
Psmd9	ENSG00000110801	PSMD9	5715	PSMD9	4	0.94725	0.95328	1	455	0	0.016652	0.12289	4.9652e-06	2.6e-05	49	0	0.016652
Purb	ENSG00000146676	PURB	5814	PURB	4	0.54843	0.36575	0.727148	252	0	0.0044569	0.61001	0.45907	0.766642	275	0	0.0044569
Pus1	ENSG00000177192	PUS1	80324	PUS1	4	0.62747	0.45928	0.761911	293	0	0.018067	0.078573	4.9652e-06	2.6e-05	29	0	0.018067
Pydc3	NA	NA	NA	NA	4	0.45363	0.257	0.590636	203	0	-0.0056917	0.40641	0.13647	0.34883	172	0	-0.0056917
Pydc4	NA	NA	NA	NA	4	0.15859	0.13501	0.590636	69	1	-0.025834	0.99904	0.99991	1	486	0	-0.025834
Pyhin1	ENSG00000163564	PYHIN1	149628	PYHIN1	4	0.1533	0.13501	0.590636	67	1	-0.025738	0.13372	4.9652e-06	2.6e-05	54	0	-0.025738
Rad21	ENSG00000164754	RAD21	5885	RAD21	4	0.99844	0.99952	1	484	0	0.023872	0.275	0.13646	0.34883	113	0	0.023872
Rai1	ENSG00000108557	RAI1	10743	RAI1	4	0.315	0.25699	0.590636	135	0	-0.0095075	0.43692	0.13647	0.34883	184	0	-0.0095075
Rap2c	ENSG00000123728	RAP2C	57826	RAP2C	4	0.12108	0.135	0.590636	59	1	-0.017606	0.14977	4.9652e-06	2.6e-05	60	0	-0.017606
Rara	ENSG00000131759	RARA	5914	RARA	4	0.51794	0.36575	0.727148	236	0	0.004746	0.15154	4.9652e-06	2.6e-05	61	0	0.004746
Rarg	ENSG00000172819	RARG	5916	RARG	4	0.20335	0.13501	0.590636	89	0	-0.015834	0.81678	0.73943	0.913482	384	0	-0.015834
Rbbp8	ENSG00000101773	RBBP8	5932	RBBP8	4	0.49198	0.36574	0.727148	221	0	0.0010321	0.24953	0.13646	0.34883	101	0	0.0010321
Rbm14	ENSG00000239306	RBM14	10432	RBM14	4	0.41716	0.257	0.590636	183	0	-0.0072525	0.96557	0.96565	1	461	0	-0.0072525
Rbm39	ENSG00000131051	RBM39	9584	RBM39	4	0.53506	0.36575	0.727148	245	0	0.005027	0.77692	0.68221	0.913482	361	0	0.005027
Rbpj	ENSG00000168214	RBPJ	3516	RBPJ	4	0.89463	0.89327	0.996737	422	0	0.0023899	0.71407	0.61818	0.887432	327	0	0.0023899
Rel	ENSG00000162924	REL	5966	REL	4	0.4498	0.257	0.590636	201	0	-0.022012	0.90426	0.86444	0.982046	441	0	-0.022012
Rela	ENSG00000173039	RELA	5970	RELA	4	0.71093	0.54654	0.764856	339	0	0.011561	0.1247	4.9652e-06	2.6e-05	50	0	0.011561
Relb	ENSG00000104856	RELB	5971	RELB	4	0.66682	0.54653	0.764856	315	0	0.0065613	0.55609	0.45906	0.766642	244	0	0.0065613
Rere	ENSG00000142599	RERE	473	RERE	4	0.60803	0.45928	0.761911	281	0	0.0013976	0.70135	0.61818	0.887432	318	0	0.0013976
RFP	NA	NA	NA	NA	8	0.88663	0.79469	0.980645	417	0	-0.002069	0.78695	0.70886	0.913482	367	0	-0.002069
Rfx1	ENSG00000132005	RFX1	5989	RFX1	4	0.063433	0.135	0.590636	35	1	0.0072119	0.48472	0.25717	0.588348	209	0	0.0072119
Rfx2	ENSG00000087903	RFX2	5990	RFX2	4	0.12832	0.135	0.590636	61	1	0.010769	0.5191	0.36437	0.766642	221	0	0.010769
Rfx7	ENSG00000181827	RFX7	64864	RFX7	4	0.061527	0.135	0.590636	34	1	-0.038339	0.99991	0.99998	1	489	0	-0.038339
Rnf20	ENSG00000155827	RNF20	56254	RNF20	4	3.5181e-05	0.00016385	0.041045	2	3	-0.05805	0.99999	0.99999	1	490	0	-0.05805
Rora	ENSG00000069667	RORA	6095	RORA	4	0.765	0.62035	0.813609	367	0	0.010652	0.093528	4.9652e-06	2.6e-05	37	0	0.010652
Rorc	ENSG00000143365	RORC	6097	RORC	4	0.46872	0.257	0.590636	212	0	0.00074642	0.25436	0.13646	0.34883	103	0	0.00074642
Rreb1	ENSG00000124782	RREB1	6239	RREB1	4	0.44339	0.257	0.590636	198	0	-0.0080075	0.59903	0.45907	0.766642	269	0	-0.0080075
Runx1	ENSG00000159216	RUNX1	861	RUNX1	4	0.86177	0.86408	0.996737	409	0	0.055728	0.014916	4.9652e-06	2.6e-05	5	1	0.055728
Runx2	ENSG00000124813	RUNX2	860	RUNX2	4	0.51213	0.36574	0.727148	232	0	-0.0090735	0.43431	0.13647	0.34883	182	0	-0.0090735
Runx3	ENSG00000020633	RUNX3	864	RUNX3	4	0.70376	0.54654	0.764856	334	0	0.0098843	0.022802	4.9652e-06	2.6e-05	8	1	0.0098843
Rxrb	ENSG00000204231	RXRB	6257	RXRB	4	0.91575	0.89328	0.996737	436	0	0.0079121	0.45617	0.13647	0.34883	195	0	0.0079121
Sap130	ENSG00000136715	SAP130	79595	SAP130	4	0.87062	0.86408	0.996737	412	0	-0.00044081	0.46247	0.25717	0.588348	198	0	-0.00044081
Sap30	ENSG00000164105	SAP30	8819	SAP30	4	0.61099	0.45928	0.761911	283	0	0.00047091	0.53619	0.45906	0.766642	231	0	0.00047091
Sarnp	ENSG00000205323	SARNP	84324	SARNP	4	0.10278	0.135	0.590636	52	1	-0.0057584	0.70855	0.61818	0.887432	324	0	-0.0057584
Satb1	ENSG00000182568	SATB1	6304	SATB1	4	0.00099963	0.0071251	0.127665	3	2	-0.025919	0.97343	0.97554	1	466	0	-0.025919
Scand1	ENSG00000171222	SCAND1	51282	SCAND1	4	0.59193	0.45927	0.761911	273	0	-0.007724	0.92504	0.91775	1	446	0	-0.007724
Setd3	ENSG00000183576	SETD3	84193	SETD3	4	0.68486	0.54653	0.764856	323	0	0.003287	0.81111	0.73943	0.913482	382	0	0.003287
Setd8	ENSG00000183955	KMT5A	387893	KMT5A	4	0.51329	0.36574	0.727148	233	0	-0.017503	0.75471	0.6822	0.913482	350	0	-0.017503
Sfr1	ENSG00000156384	SFR1	119392	SFR1	4	0.92925	0.89328	0.996737	448	0	0.02371	0.21175	4.9652e-06	2.6e-05	84	0	0.02371
Sin3a	ENSG00000169375	SIN3A	25942	SIN3A	4	0.63222	0.45928	0.761911	296	0	-0.0057917	0.89935	0.86443	0.982046	437	0	-0.0057917
Sin3b	ENSG00000127511	SIN3B	23309	SIN3B	4	0.72638	0.54654	0.764856	349	0	-0.0073223	0.85152	0.78766	0.913482	410	0	-0.0073223
Sirt6	ENSG00000077463	SIRT6	51548	SIRT6	4	0.85295	0.82885	0.996737	406	0	-0.0022161	0.38448	0.13647	0.34883	162	0	-0.0022161
Ski	ENSG00000157933	SKI	6497	SKI	4	0.66063	0.54653	0.764856	313	0	0.003673	0.55826	0.45906	0.766642	246	0	0.003673
Skil	ENSG00000136603	SKIL	6498	SKIL	4	0.569	0.45927	0.761911	261	0	-0.0051017	0.52827	0.36438	0.766642	226	0	-0.0051017
Smad2	ENSG00000175387	SMAD2	4087	SMAD2	4	0.47492	0.257	0.590636	214	0	0.010087	0.19148	4.9652e-06	2.6e-05	73	0	0.010087
Smad3	ENSG00000166949	SMAD3	4088	SMAD3	4	0.43301	0.257	0.590636	193	0	-0.0066586	0.79148	0.68221	0.913482	372	0	-0.0066586
Smad4	ENSG00000141646	SMAD4	4089	SMAD4	4	0.99	0.99632	1	475	0	0.015078	0.11926	4.9652e-06	2.6e-05	47	0	0.015078
Smad7	ENSG00000101665	SMAD7	4092	SMAD7	4	0.94033	0.95327	1	453	0	0.019975	0.32548	0.13646	0.34883	138	0	0.019975
Smarca2	ENSG00000080503	SMARCA2	6595	SMARCA2	4	0.43822	0.257	0.590636	197	0	-0.0017608	0.77431	0.6822	0.913482	357	0	-0.0017608
Smarca4	ENSG00000127616	SMARCA4	6597	SMARCA4	4	0.82395	0.68345	0.853891	396	0	0.003344	0.35908	0.13647	0.34883	151	0	0.003344
Smarcb1	ENSG00000099956	SMARCB1	6598	SMARCB1	4	0.003012	0.0071251	0.127665	4	2	-0.039661	0.99925	0.99992	1	488	0	-0.039661
Snapc5	ENSG00000174446	SNAPC5	10302	SNAPC5	4	0.62172	0.45928	0.761911	289	0	0.011831	0.22008	4.9652e-06	2.6e-05	88	0	0.011831
Snw1	ENSG00000100603	SNW1	22938	SNW1	4	0.33437	0.25699	0.590636	144	0	-0.0013581	0.82933	0.73944	0.913482	395	0	-0.0013581
Sox4	ENSG00000124766	SOX4	6659	SOX4	4	0.87903	0.86409	0.996737	415	0	0.012591	0.56258	0.45906	0.766642	248	0	0.012591
Sp1	ENSG00000185591	SP1	6667	SP1	4	8.9409e-07	4.9652e-06	0.002488	1	4	-0.071302	1	1	1	491	0	-0.071302
Sp3	ENSG00000172845	SP3	6670	SP3	4	0.0077118	0.0071251	0.127665	9	2	-0.041104	0.78079	0.68221	0.913482	363	0	-0.041104
Sp4	ENSG00000105866	SP4	6671	SP4	4	0.0038431	0.0071251	0.127665	5	2	-0.030338	0.58059	0.45906	0.766642	259	0	-0.030338
Spen	ENSG00000065526	SPEN	23013	SPEN	4	0.88228	0.86409	0.996737	416	0	0.0023079	0.85484	0.78766	0.913482	413	0	0.0023079
Sqstm1	ENSG00000161011	SQSTM1	8878	SQSTM1	4	0.48106	0.257	0.590636	216	0	0.0049675	0.52025	0.36437	0.766642	222	0	0.0049675
Srebf1	ENSG00000072310	SREBF1	6720	SREBF1	4	0.57112	0.45927	0.761911	262	0	-0.0072466	0.82286	0.73944	0.913482	390	0	-0.0072466
Srebf2	ENSG00000198911	SREBF2	6721	SREBF2	4	0.40777	0.257	0.590636	177	0	0.013458	0.58474	0.45906	0.766642	263	0	0.013458
Srf	ENSG00000112658	SRF	6722	SRF	4	0.21509	0.13501	0.590636	94	0	-0.02845	0.99898	0.99991	1	485	0	-0.02845
Ss18	ENSG00000141380	SS18	6760	SS18	4	0.95945	0.97633	1	462	0	0.045856	0.016892	4.9652e-06	2.6e-05	6	1	0.045856
Stag1	ENSG00000118007	STAG1	10274	STAG1	4	0.53054	0.36575	0.727148	243	0	0.0068392	0.20166	4.9652e-06	2.6e-05	79	0	0.0068392
Stag2	ENSG00000101972	STAG2	10735	STAG2	4	0.44853	0.257	0.590636	200	0	0.012296	0.26076	0.13646	0.34883	107	0	0.012296
Stat1	ENSG00000115415	STAT1	6772	STAT1	4	0.68063	0.54653	0.764856	319	0	0.010261	0.47615	0.25717	0.588348	207	0	0.010261
Stat3	ENSG00000168610	STAT3	6774	STAT3	4	0.95552	0.96598	1	458	0	0.0070538	0.29522	0.13646	0.34883	123	0	0.0070538
Stat4	ENSG00000138378	STAT4	6775	STAT4	4	0.97222	0.98973	1	468	0	0.011023	0.19997	4.9652e-06	2.6e-05	78	0	0.011023
Stat5a	ENSG00000126561	STAT5A	6776	STAT5A	4	0.92646	0.89328	0.996737	447	0	0.01824	0.11379	4.9652e-06	2.6e-05	45	0	0.01824
Stat5b	ENSG00000173757	STAT5B	6777	STAT5B	4	0.31951	0.25699	0.590636	138	0	0.035991	0.044246	4.9652e-06	2.6e-05	17	0	0.035991
Stat6	ENSG00000166888	STAT6	6778	STAT6	4	0.57745	0.45927	0.761911	264	0	0.0073563	0.71171	0.61818	0.887432	326	0	0.0073563
Stk16	ENSG00000115661	STK16	8576	STK16	4	0.58163	0.45927	0.761911	268	0	0.0077615	0.2463	0.13646	0.34883	100	0	0.0077615
Strn3	ENSG00000196792	STRN3	29966	STRN3	4	0.0089854	0.0071251	0.127665	11	2	-0.019733	0.60405	0.45907	0.766642	271	0	-0.019733
Sub1	ENSG00000113387	SUB1	10923	SUB1	4	0.97126	0.98973	1	466	0	0.015042	0.53506	0.45906	0.766642	230	0	0.015042
Supt20	ENSG00000102710	SUPT20H	55578	SUPT20H	4	0.17082	0.13501	0.590636	75	1	0.0070403	0.17775	4.9652e-06	2.6e-05	69	0	0.0070403
Tada1	ENSG00000152382	TADA1	117143	TADA1	4	0.52255	0.36575	0.727148	239	0	0.0052387	0.32101	0.13646	0.34883	135	0	0.0052387
Tada3	ENSG00000171148	TADA3	10474	TADA3	4	0.83457	0.68345	0.853891	399	0	0.030243	0.061527	4.9652e-06	2.6e-05	22	0	0.030243
Taf10	ENSG00000166337	TAF10	6881	TAF10	4	0.81956	0.68345	0.853891	394	0	0.018092	0.046178	4.9652e-06	2.6e-05	18	0	0.018092
Taf11	ENSG00000064995	TAF11	6882	TAF11	4	0.73901	0.54654	0.764856	357	0	0.030022	0.028686	4.9652e-06	2.6e-05	11	1	0.030022
Taf1b	ENSG00000115750	TAF1B	9014	TAF1B	4	0.0069816	0.0071251	0.127665	8	1	0.00055484	0.29982	0.13646	0.34883	125	0	0.00055484
Taf4a	ENSG00000130699	TAF4	6874	TAF4	4	0.29368	0.25699	0.590636	128	0	-0.01248	0.80881	0.73943	0.913482	380	0	-0.01248
Taf5l	ENSG00000135801	TAF5L	27097	TAF5L	4	0.95667	0.96598	1	460	0	0.045015	0.11744	4.9652e-06	2.6e-05	46	0	0.045015
Taf6	ENSG00000106290	TAF6	6878	TAF6	4	0.1812	0.13501	0.590636	80	1	-0.010674	0.92786	0.91775	1	449	0	-0.010674
Taf6l	ENSG00000162227	TAF6L	10629	TAF6L	4	0.90699	0.89327	0.996737	430	0	0.0072467	0.25596	0.13646	0.34883	104	0	0.0072467
Tardbp	ENSG00000120948	TARDBP	23435	TARDBP	4	0.5785	0.45927	0.761911	265	0	-0.0050621	0.70216	0.61818	0.887432	319	0	-0.0050621
Tbl1x	ENSG00000101849	TBL1X	6907	TBL1X	4	0.63316	0.45928	0.761911	297	0	-0.0066351	0.82232	0.73944	0.913482	389	0	-0.0066351
Tbl1xr1	ENSG00000177565	TBL1XR1	79718	TBL1XR1	4	0.55063	0.45927	0.761911	253	0	0.0052349	0.75749	0.6822	0.913482	352	0	0.0052349
Tbx21	ENSG00000073861	TBX21	30009	TBX21	4	0.55391	0.45927	0.761911	254	0	0.0011912	0.38169	0.13647	0.34883	160	0	0.0011912
Tcerg1	ENSG00000113649	TCERG1	10915	TCERG1	4	0.7346	0.54654	0.764856	354	0	-0.00072172	0.60803	0.45907	0.766642	274	0	-0.00072172
Tcf12	ENSG00000140262	TCF12	6938	TCF12	4	0.34899	0.25699	0.590636	150	0	0.0033646	0.53731	0.45906	0.766642	232	0	0.0033646
Tcf20	ENSG00000100207	TCF20	6942	TCF20	4	0.33878	0.25699	0.590636	146	0	-0.017345	0.53955	0.45906	0.766642	233	0	-0.017345
Tcf25	ENSG00000141002	TCF25	22980	TCF25	4	0.50862	0.36574	0.727148	229	0	-0.0024094	0.47121	0.25717	0.588348	204	0	-0.0024094
Tcf3	ENSG00000071564	TCF3	6929	TCF3	4	0.88897	0.86409	0.996737	419	0	0.013075	0.55935	0.45906	0.766642	247	0	0.013075
Tcf7	ENSG00000081059	TCF7	6932	TCF7	4	0.76903	0.62035	0.813609	368	0	0.006659	0.55718	0.45906	0.766642	245	0	0.006659
Tfap4	ENSG00000090447	TFAP4	7023	TFAP4	4	0.032594	0.007135	0.127665	22	1	-0.030446	0.74047	0.61819	0.887432	343	0	-0.030446
Tfdp1	ENSG00000198176	TFDP1	7027	TFDP1	4	0.67464	0.54653	0.764856	318	0	0.002652	0.3803	0.13647	0.34883	159	0	0.002652
Tfeb	ENSG00000112561	TFEB	7942	TFEB	4	0.57954	0.45927	0.761911	266	0	-0.0045168	0.76024	0.6822	0.913482	354	0	-0.0045168
Tgif1	ENSG00000177426	TGIF1	7050	TGIF1	4	0.16559	0.13501	0.590636	73	1	-0.014102	0.63971	0.45907	0.766642	290	0	-0.014102
Thra	ENSG00000126351	THRA	7067	THRA	4	0.63971	0.45928	0.761911	301	0	-0.01479	0.3225	0.13646	0.34883	136	0	-0.01479
Thrap3	ENSG00000054118	THRAP3	9967	THRAP3	4	0.22835	0.25699	0.590636	98	0	-0.008752	0.66418	0.54374	0.86209	302	0	-0.008752
Tle4	ENSG00000106829	TLE4	7091	TLE4	4	0.75956	0.62035	0.813609	364	0	-0.0044708	0.84911	0.78766	0.913482	407	0	-0.0044708
Tob1	ENSG00000141232	TOB1	10140	TOB1	4	0.089807	0.135	0.590636	47	1	-0.0058671	0.65256	0.45907	0.766642	297	0	-0.0058671
Trib3	ENSG00000101255	TRIB3	57761	TRIB3	4	0.37328	0.257	0.590636	161	0	0.024795	0.19828	4.9652e-06	2.6e-05	77	0	0.024795
Trim24	ENSG00000122779	TRIM24	8805	TRIM24	4	0.23818	0.25699	0.590636	101	0	-0.0058135	0.85531	0.78766	0.913482	414	0	-0.0058135
Trim28	ENSG00000130726	TRIM28	10155	TRIM28	4	0.92213	0.89328	0.996737	444	0	0.025706	0.13012	4.9652e-06	2.6e-05	52	0	0.025706
Trp53	ENSG00000141510	TP53	7157	TP53	4	0.095385	0.135	0.590636	49	1	-0.022139	0.24306	0.13646	0.34883	98	0	-0.022139
Trrap	ENSG00000196367	TRRAP	8295	TRRAP	4	0.19997	0.13501	0.590636	87	0	0.027976	0.038433	4.9652e-06	2.6e-05	15	1	0.027976
Tsc22d3	ENSG00000157514	TSC22D3	1831	TSC22D3	4	0.45743	0.257	0.590636	204	0	-0.0095243	0.95355	0.96564	1	456	0	-0.0095243
Tsc22d4	ENSG00000166925	TSC22D4	81628	TSC22D4	4	0.084203	0.135	0.590636	45	1	0.0092586	0.39002	0.13647	0.34883	167	0	0.0092586
Tsg101	ENSG00000074319	TSG101	7251	TSG101	4	0.46623	0.257	0.590636	210	0	-0.010661	0.55173	0.45906	0.766642	241	0	-0.010661
Txk	ENSG00000074966	TXK	7294	TXK	4	0.2234	0.13501	0.590636	96	0	-0.018293	0.97535	0.97554	1	467	0	-0.018293
Ube2l3	ENSG00000185651	UBE2L3	7332	UBE2L3	4	0.21175	0.13501	0.590636	92	0	-0.011876	0.73238	0.61819	0.887432	339	0	-0.011876
Ube3a	ENSG00000114062	UBE3A	7337	UBE3A	4	0.22999	0.25699	0.590636	99	0	-0.0031329	0.4498	0.13647	0.34883	191	0	-0.0031329
Ubp1	ENSG00000153560	UBP1	7342	UBP1	4	0.69153	0.54653	0.764856	327	0	-0.0031173	0.84222	0.78766	0.913482	403	0	-0.0031173
Uri1	ENSG00000105176	URI1	8725	URI1	4	0.97181	0.98973	1	467	0	0.009546	0.35621	0.13647	0.34883	150	0	0.009546
Usf2	ENSG00000105698	USF2	7392	USF2	4	0.73312	0.54654	0.764856	353	0	-3.605e-05	0.7865	0.68221	0.913482	366	0	-3.605e-05
Usp16	ENSG00000156256	USP16	10600	USP16	4	0.24792	0.25699	0.590636	104	0	-0.019481	0.89791	0.86443	0.982046	435	0	-0.019481
Usp22	ENSG00000124422	USP22	23326	USP22	4	1	1	1	490	0	0.054952	0.050033	4.9652e-06	2.6e-05	20	0	0.054952
Utf1	ENSG00000171794	UTF1	8433	UTF1	4	0.84021	0.68345	0.853891	401	0	0.0027462	0.46372	0.25717	0.588348	199	0	0.0027462
Wbp2	ENSG00000132471	WBP2	23558	WBP2	4	0.42908	0.257	0.590636	191	0	-0.008628	0.68486	0.54375	0.86209	310	0	-0.008628
Wdr75	ENSG00000115368	WDR75	84128	WDR75	4	0.26076	0.25699	0.590636	111	0	-0.0099827	0.72713	0.61819	0.887432	334	0	-0.0099827
Wdr77	ENSG00000116455	WDR77	79084	WDR77	4	0.27186	0.25699	0.590636	118	0	0.011115	0.57324	0.45906	0.766642	254	0	0.011115
Wwp2	ENSG00000198373	WWP2	11060	WWP2	4	0.42115	0.257	0.590636	186	0	0.0021892	0.41449	0.13647	0.34883	177	0	0.0021892
Xbp1	ENSG00000100219	XBP1	7494	XBP1	4	0.31651	0.25699	0.590636	136	0	-0.023292	0.99907	0.99991	1	487	0	-0.023292
Yaf2	ENSG00000015153	YAF2	10138	YAF2	4	0.5214	0.36575	0.727148	238	0	0.0035271	0.18635	4.9652e-06	2.6e-05	72	0	0.0035271
Ybx1	ENSG00000065978	YBX1	4904	YBX1	4	0.23164	0.25699	0.590636	100	0	-0.0083932	0.30592	0.13646	0.34883	128	0	-0.0083932
Ybx3	ENSG00000060138	YBX3	8531	YBX3	4	0.789	0.62036	0.813609	380	0	2.7812e-05	0.84372	0.78766	0.913482	404	0	2.7812e-05
Ylpm1	ENSG00000119596	YLPM1	56252	YLPM1	4	0.030641	0.007135	0.127665	21	1	-0.0020712	0.83353	0.73944	0.913482	398	0	-0.0020712
Ywhab	ENSG00000166913	YWHAB	7529	YWHAB	4	0.26235	0.25699	0.590636	112	0	0.008302	0.80178	0.73943	0.913482	376	0	0.008302
Yy1	ENSG00000100811	YY1	7528	YY1	4	0.41315	0.257	0.590636	180	0	0.004765	0.46498	0.25717	0.588348	200	0	0.004765
Zbtb17	ENSG00000116809	ZBTB17	7709	ZBTB17	4	0.84421	0.78897	0.976003	403	0	0.00040896	0.53168	0.36438	0.766642	229	0	0.00040896
Zbtb32	ENSG00000011590	ZBTB32	27033	ZBTB32	4	0.83664	0.68345	0.853891	400	0	0.00059027	0.83613	0.73944	0.913482	399	0	0.00059027
Zbtb7a	ENSG00000178951	ZBTB7A	51341	ZBTB7A	4	0.11013	0.135	0.590636	55	1	0.011328	0.54733	0.45906	0.766642	239	0	0.011328
Zbtb7b	ENSG00000160685	ZBTB7B	51043	ZBTB7B	4	0.31801	0.25699	0.590636	137	0	-0.014403	0.92702	0.91775	1	447	0	-0.014403
Zeb1	ENSG00000148516	ZEB1	6935	ZEB1	4	0.37187	0.257	0.590636	160	0	-0.0036565	0.25916	0.13646	0.34883	106	0	-0.0036565
Zfp110	ENSG00000171606	ZNF274	10782	ZNF274	4	0.64434	0.54653	0.764856	304	0	-0.013026	0.98389	0.99627	1	476	0	-0.013026
Zfp131	ENSG00000172262	ZNF131	7690	ZNF131	4	0.53168	0.36575	0.727148	244	0	0.032485	0.059619	4.9652e-06	2.6e-05	21	0	0.032485
Zfp146	ENSG00000167635	ZNF146	7705	ZNF146	4	0.41982	0.257	0.590636	185	0	-0.012609	0.28283	0.13646	0.34883	117	0	-0.012609
Zfp212	ENSG00000170260	ZNF212	7988	ZNF212	4	0.94057	0.95327	1	454	0	0.016914	0.37469	0.13647	0.34883	157	0	0.016914
Zfp217	ENSG00000171940	ZNF217	7764	ZNF217	4	0.92035	0.89328	0.996737	441	0	0.013812	0.36763	0.13647	0.34883	155	0	0.013812
Zfp219	ENSG00000165804	ZNF219	51222	ZNF219	4	0.78271	0.62036	0.813609	378	0	0.0050129	0.51213	0.25718	0.588348	217	0	0.0050129
Zfp263	ENSG00000006194	ZNF263	10127	ZNF263	4	0.3225	0.25699	0.590636	140	0	0.001216	0.78713	0.68221	0.913482	368	0	0.001216
Zfp280b	ENSG00000275004	ZNF280B	140883	ZNF280B	4	0.90899	0.89327	0.996737	432	0	0.020368	0.14444	4.9652e-06	2.6e-05	58	0	0.020368
Zfp280c	ENSG00000056277	ZNF280C	55609	ZNF280C	4	0.64342	0.54653	0.764856	303	0	0.00075591	0.41315	0.13647	0.34883	176	0	0.00075591
Zfp281	ENSG00000162702	ZNF281	23528	ZNF281	4	0.99929	0.99997	1	486	0	0.041701	0.03649	4.9652e-06	2.6e-05	14	1	0.041701
Zfp292	ENSG00000188994	ZNF292	23036	ZNF292	4	0.32101	0.25699	0.590636	139	0	-0.0058966	0.20504	4.9652e-06	2.6e-05	81	0	-0.0058966
Zfp367	ENSG00000165244	ZNF367	195828	ZNF367	4	0.56473	0.45927	0.761911	260	0	0.0065183	0.51329	0.25718	0.588348	218	0	0.0065183
Zfp386	ENSG00000175322	ZNF519	162655	ZNF519	4	0.18635	0.13501	0.590636	83	0	-0.02548	0.96699	0.96565	1	462	0	-0.02548
Zfp444	ENSG00000167685	ZNF444	55311	ZNF444	4	0.61784	0.45928	0.761911	287	0	0.0035554	0.79638	0.73943	0.913482	374	0	0.0035554
Zfp445	ENSG00000185219	ZNF445	353274	ZNF445	4	0.41449	0.257	0.590636	181	0	-0.02387	0.99451	0.99892	1	481	0	-0.02387
Zfp52	NA	NA	NA	NA	4	0.022802	0.0071251	0.127665	18	1	0.0064437	0.7568	0.6822	0.913482	351	0	0.0064437
Zfp53	NA	NA	NA	NA	4	0.56258	0.45927	0.761911	259	0	0.0047795	0.7505	0.61819	0.887432	348	0	0.0047795
Zfp628	ENSG00000197483	ZNF628	89887	ZNF628	4	0.77168	0.62035	0.813609	371	0	0.00061469	0.5214	0.36437	0.766642	223	0	0.00061469
Zfp639	ENSG00000121864	ZNF639	51193	ZNF639	4	0.28439	0.25699	0.590636	124	0	-6.7193e-05	0.60105	0.45907	0.766642	270	0	-6.7193e-05
Zfp668	ENSG00000167394	ZNF668	79759	ZNF668	4	0.32548	0.25699	0.590636	141	0	-0.00015486	0.21342	4.9652e-06	2.6e-05	85	0	-0.00015486
Zfp710	ENSG00000140548	ZNF710	374655	ZNF710	4	0.55718	0.45927	0.761911	256	0	-0.0035632	0.81901	0.73944	0.913482	386	0	-0.0035632
Zfp746	ENSG00000181220	ZNF746	155061	ZNF746	4	0.71407	0.54654	0.764856	341	0	-0.0010389	0.82395	0.73944	0.913482	391	0	-0.0010389
Zfp831	ENSG00000124203	ZNF831	128611	ZNF831	4	0.27971	0.25699	0.590636	122	0	-0.024731	0.89864	0.86443	0.982046	436	0	-0.024731
Zfp865	ENSG00000261221	ZNF865	100507290	ZNF865	4	0.46247	0.257	0.590636	207	0	-0.0035048	0.93483	0.91776	1	450	0	-0.0035048
Zfp869	ENSG00000167232	ZNF91	7644	ZNF91	4	0.046178	0.007135	0.127665	28	1	-0.0039389	0.51678	0.36437	0.766642	220	0	-0.0039389
Zfpm1	ENSG00000179588	ZFPM1	161882	ZFPM1	4	0.71328	0.54654	0.764856	340	0	0.0020129	0.5837	0.45906	0.766642	262	0	0.0020129
Zgpat	ENSG00000197114	ZGPAT	84619	ZGPAT	4	0.038433	0.007135	0.127665	24	1	-0.025579	0.86357	0.78766	0.913482	419	0	-0.025579
Zhx1	ENSG00000165156	ZHX1	11244	ZHX1	4	0.17429	0.13501	0.590636	77	1	-0.026528	0.98287	0.99627	1	474	0	-0.026528
Zhx2	ENSG00000178764	ZHX2	22882	ZHX2	4	0.2687	0.25699	0.590636	116	0	-0.0045369	0.86975	0.78767	0.913482	422	0	-0.0045369
Zkscan17	ENSG00000162714	ZNF496	84838	ZNF496	4	0.26553	0.25699	0.590636	114	0	0.0099388	0.4835	0.25717	0.588348	208	0	0.0099388
Zkscan3	ENSG00000189298	ZKSCAN3	80317	ZKSCAN3	4	0.99824	0.99952	1	483	0	0.019535	0.30744	0.13646	0.34883	129	0	0.019535
Zmiz2	ENSG00000122515	ZMIZ2	83637	ZMIZ2	4	0.62268	0.45928	0.761911	290	0	0.0035825	0.26394	0.13646	0.34883	109	0	0.0035825
Zmym2	ENSG00000121741	ZMYM2	7750	ZMYM2	4	0.41583	0.257	0.590636	182	0	0.010322	0.3775	0.13647	0.34883	158	0	0.010322
Zmynd11	ENSG00000015171	ZMYND11	10771	ZMYND11	4	0.41046	0.257	0.590636	179	0	-0.015797	0.94658	0.96564	1	454	0	-0.015797
Zmynd8	ENSG00000101040	ZMYND8	23613	ZMYND8	4	0.99667	0.99888	1	481	0	0.036938	0.032594	4.9652e-06	2.6e-05	13	1	0.036938
Zscan2	ENSG00000176371	ZSCAN2	54993	ZSCAN2	4	0.87403	0.86409	0.996737	414	0	0.010551	0.58886	0.45906	0.766642	265	0	0.010551
Zscan25	ENSG00000197037	ZSCAN25	221785	ZSCAN25	4	0.69319	0.54653	0.764856	329	0	0.0010451	0.57745	0.45906	0.766642	256	0	0.0010451
